0.659132 11.291221
1.214209 15.430426
0.785634 12.319528
1.378812 13.040492
1.128636 12.436906
0.753723 15.035868
1.342029 15.250949
1.310539 12.443711
1.623250 10.304886
0.865939 12.585882
0.688442 13.357824
1.154628 11.164907
1.246636 8.613177
0.761023 12.312960
0.595488 11.246330
1.260028 11.741030
0.488043 9.338690
1.023665 8.382129
1.553452 14.255440
0.889072 14.078103
1.494280 12.744194
1.915406 9.823166
1.157608 12.456863
1.799799 14.416085
1.295845 10.954769
1.242682 12.479796
1.995167 12.662879
0.860180 13.586773
1.244979 12.270271
0.542541 13.806773
0.417166 13.097505
1.198935 11.317072
0.625483 13.743503
1.606518 14.243509
2.102613 14.059916
1.653688 13.104586
1.122703 12.342484
1.298854 12.900274
1.178567 14.751878
0.845238 13.604133
1.007932 13.541768
2.023958 14.690051
1.695373 13.859946
1.852971 11.073777
1.412640 13.667877
1.520409 13.414315
1.807177 14.877879
1.252418 13.525287
1.554778 15.816816
1.234931 13.050632
1.621137 12.766367
2.269545 17.730405
1.596610 13.276376
1.200635 14.236276
1.922426 12.256441
1.422556 14.601295
1.226347 12.731441
1.422754 14.356101
1.938655 14.384829
2.522864 13.530111
1.614950 14.457710
1.440931 15.814896
2.329993 15.888368
1.409160 13.278285
1.341732 14.014891
1.866625 14.211562
1.648257 15.528471
1.851907 15.153255
1.545174 15.606749
2.069388 17.212911
1.414299 14.431067
1.925965 14.807266
2.148231 17.881828
2.150410 14.680448
1.655854 15.932486
2.233997 16.399397
1.514412 14.705654
1.079328 14.517411
2.279576 14.676149
1.257159 14.523309
1.607132 14.417717
2.211919 17.234564
1.714245 13.276372
2.132740 15.195745
1.981996 14.898077
2.216152 15.410456
1.998862 13.631088
4.487923 19.526701
4.628641 20.802215
3.762975 20.976791
3.792771 20.924528
4.273259 20.021981
3.793492 20.822647
4.475107 19.688766
4.413258 18.922808
4.643933 21.761769
4.432120 19.598219
4.418631 19.685985
4.612693 20.160406
4.262005 20.114607
4.633556 21.092036
4.161401 19.738840
4.355588 20.277450
4.609913 20.726419
4.286358 19.916006
4.121727 20.149709
4.992540 21.489658
4.362883 19.992019
4.638551 21.350046
4.164266 20.212058
2.176749 15.079940
0.637526 13.395969
1.694635 13.883785
1.912908 15.448497
0.979798 14.642962
2.117558 15.775693
1.554572 15.171052
1.789104 14.614795
1.141970 14.082437
1.919072 14.459977
2.107036 16.378953
1.476116 15.492541
1.908047 14.649926
1.889061 15.002071
1.860399 15.893044
2.492672 17.620470
2.129797 18.154833
2.354487 18.103624
1.744180 14.561674
1.659052 16.558988
2.348182 15.442625
2.373762 16.622223
1.209945 15.466524
2.125875 18.053393
2.021068 17.932506
2.136581 17.857758
1.865169 15.567278
2.403448 17.331015
2.079787 16.222509
2.189770 16.393196
2.715353 18.085605
2.123361 17.380175
1.896675 15.248733
1.562748 15.101093
1.954981 15.871676
2.260691 16.798464
2.190986 16.495901
1.823679 16.961212
1.949833 16.724733
1.821640 16.927165
1.901823 14.884268
2.325640 16.634988
1.538212 15.724656
1.998796 16.232490
1.469429 15.322820
2.066586 17.251004
1.298061 15.223309
2.091262 16.937836
1.724980 15.628346
2.122714 15.962436
2.234553 17.227725
3.430212 17.710758
1.831106 17.124376
2.680486 17.191647
2.834173 18.358866
1.278591 15.272526
2.200832 16.825154
2.300459 17.923696
2.144569 18.114536
2.235602 16.477247
2.158580 16.870589
1.776631 16.511332
1.845184 15.660714
1.242783 16.006250
2.446711 15.867537
2.336072 17.410827
2.481973 17.920676
2.589571 16.762271
2.236970 16.466954
1.658484 15.116705
2.010807 17.194848
2.568546 18.801483
2.017851 18.154365
2.269186 16.839305
2.849158 17.431281
2.103545 16.448738
2.124174 16.432545
2.448100 16.862177
2.429662 17.268756
2.288269 17.601966
2.606428 18.387664
2.284715 16.877129
2.846126 16.753575
2.274273 18.234965
2.823002 17.982758
2.522222 16.654135
2.952151 18.065124
2.271576 17.488585
2.571481 17.514383
2.765566 17.848309
2.425900 17.849336
2.783716 17.971985
2.604343 17.065560
2.309645 16.919621
3.087624 18.104296
2.283785 16.668501
2.747280 17.984343
3.029733 18.518689
3.117490 17.340002
2.976755 17.674173
2.433255 16.388372
2.448727 17.432918
2.562348 18.323235
2.748229 17.933783
3.126247 17.391135
3.106100 17.619963
3.012288 17.549936
2.263800 18.163761
2.514172 17.419541
2.562742 18.105630
3.196216 17.257158
2.615797 17.833589
2.140730 17.480463
2.703574 18.121935
1.982814 16.381899
2.855116 17.370075
2.759374 18.189443
2.258131 17.727360
3.312989 18.013199
2.835607 17.622847
2.665227 17.849198
2.418971 18.685843
2.385084 17.729950
2.838445 18.409275
2.561385 18.265688
3.375194 17.907139
3.551309 18.733265
2.970108 17.349156
2.708687 17.533119
2.592417 17.128148
3.877190 17.068392
3.409168 18.384108
4.025227 16.693322
2.815783 18.759751
2.945242 17.459550
2.979291 18.488593
2.395566 18.389567
2.958877 17.857026
2.365415 17.981347
2.731645 17.909068
3.405296 17.855281
3.105366 18.256018
3.282408 18.574107
3.304099 17.852343
3.164529 18.653094
3.253160 18.380514
3.401672 18.402360
2.920278 18.317818
3.342105 17.694194
3.166832 18.717808
3.222377 17.825632
2.924814 18.440599
2.888053 18.249450
3.260236 18.294298
3.458506 17.488267
3.021594 18.897477
2.837695 18.519042
3.575183 19.312931
2.715632 18.711789
2.508998 18.387514
3.007122 18.414649
3.200382 17.959652
3.115507 17.950550
2.744096 18.381365
3.920383 17.928374
3.519421 18.053621
3.419976 18.445465
3.740125 18.639674
3.288818 18.006275
3.113717 18.091707
2.720952 18.304492
3.725200 19.209496
3.219343 17.691084
3.254524 18.104651
4.070355 16.583441
2.893159 17.885517
3.442986 18.568555
3.767573 18.997972
3.415532 17.963814
3.069469 18.332287
3.626301 18.949393
3.840161 17.878109
3.637037 18.921864
4.102240 16.084912
2.846475 18.413671
4.384763 16.892280
3.246864 18.761989
3.867762 17.949370
3.780696 18.463104
3.883898 18.406523
3.515819 19.743514
3.909234 18.182423
3.248600 18.137443
3.073703 17.987942
3.602650 18.763924
3.152838 18.964583
3.633601 18.279953
3.082531 18.806336
3.900049 18.681594
3.269830 18.357304
3.508270 18.368502
3.581864 20.097845
3.983679 19.095109
3.193543 18.335546
3.754910 19.426482
4.148206 17.208346
3.394035 18.652451
3.283681 18.897603
4.640051 18.556470
4.274829 16.801767
3.488917 18.558566
3.717889 18.913984
3.249282 19.534359
3.574313 18.397099
3.885736 18.838483
3.583962 19.591691
3.645507 18.376314
3.620462 18.906252
4.038048 18.217756
4.090784 17.949539
4.418608 18.157319
3.835222 20.411952
3.848406 19.558650
3.568566 19.204270
4.007076 18.270538
3.407032 19.290515
3.651769 19.433630
3.461192 20.199831
4.419727 17.775425
3.643499 19.299451
2.764438 20.321396
4.449831 18.220407
3.563365 19.516688
3.619135 19.527200
3.186703 20.097415
3.967801 20.008267
3.708449 20.090488
3.892690 19.266237
3.305789 20.330420
4.309812 18.289242
4.595417 18.073271
3.693322 19.767106
4.406933 17.661743
3.899693 19.971313
3.804813 19.654383
4.422208 19.337826
3.979731 19.960311
4.489103 18.233480
3.797985 19.765395
3.668117 19.929175
4.359509 18.593605
4.455796 18.972834
4.171443 19.068241
3.772432 20.427766
4.670180 20.274966
4.295455 19.035834
4.020207 18.738356
4.361300 19.081711
3.584344 20.386489
4.048851 19.218890
4.072947 19.336086
3.671541 20.995936
4.883584 19.612168
3.989351 20.818184
3.732118 20.414751
3.982324 20.562605
4.146272 20.510266
4.225094 19.599059
4.329728 20.296030
4.714790 21.414470
4.408164 20.340569
4.968540 21.872005
4.222474 19.860156
4.285287 20.367639
4.227959 20.477120
4.315583 20.330981
4.878396 22.201551
4.258113 20.661413
5.446518 21.876333
4.601035 22.717921
4.657789 21.899710
4.961520 22.227396
3.769281 23.006509
4.904181 22.425624
4.430218 20.564296
5.569761 22.478551
4.282206 21.426999
4.426292 21.650469
3.729467 23.021467
4.705095 22.624547
5.185284 22.667712
4.308266 21.808070
4.143502 21.575940
4.574943 21.715671
4.756801 23.469373
4.672445 23.213988
4.444605 21.923424
4.704999 22.990044
5.013661 23.292246
4.729343 23.313329
4.640741 23.655742
4.730688 23.655573
4.783317 23.595814
4.847125 23.994176
4.612572 23.648672
4.858588 23.752256
4.293028 22.866523
4.863130 24.040585
5.077552 23.683894
3.909218 24.151565
4.677317 23.535504
5.417330 23.845496
5.122368 23.916994
5.027718 23.612381
4.523250 22.998882
4.955916 24.027253
4.673315 24.006234
4.978282 24.009777
5.183694 24.380001
5.189437 24.934672
5.182021 24.860795
5.241312 24.521799
5.194073 24.742624
5.607568 24.179213
4.948602 24.420796
4.638927 25.095211
5.154705 24.829152
4.604848 25.036879
5.081781 25.110254
4.944427 25.205300
4.962054 25.279831
4.265109 24.004235
4.935171 26.067930
4.915239 26.293011
5.129660 25.563765
4.700482 25.831920
4.807324 25.707339
5.610705 25.684997
5.624404 25.613227
4.355786 24.621115
5.364266 25.611270
5.075582 26.198031
5.166102 25.862791
5.210024 26.264807
5.534501 26.234677
4.157355 25.334392
5.193406 26.618536
5.799769 25.975431
6.024681 26.568576
5.071151 26.570636
5.683120 26.198111
5.230504 26.823076
4.808885 26.699003
4.846561 26.811576
5.409473 26.816010
5.591949 26.920783
5.377449 26.961290
5.658205 26.969138
4.686324 27.141504
5.772971 27.826480
5.127443 27.217895
5.527628 27.278515
5.415427 27.534082
5.366253 27.644402
4.988594 27.351466
5.346967 27.590960
4.708980 27.725126
5.053211 28.115783
5.841429 28.050108
5.419877 28.043662
5.121724 27.995194
4.912356 28.014336
5.648819 28.099364
5.111737 27.993848
5.443738 28.317670
5.587239 28.183907
4.718934 28.989859
6.009258 28.710932
5.675436 28.579094
5.327180 28.747001
6.366546 27.372164
5.569593 28.623689
5.607109 29.187923
4.768249 29.436971
4.900666 29.043728
5.554868 29.295441
5.541149 29.205896
5.721219 29.474117
4.996110 29.545632
6.415776 27.987904
5.666771 10.020679
5.103879 9.965147
5.450675 10.152493
5.926798 10.257488
4.955057 10.055972
5.518474 10.348698
5.822611 10.406981
5.160171 10.590695
5.630244 10.574390
5.722362 10.329303
5.891970 10.726243
5.613052 10.539602
5.699372 10.740407
5.943360 10.806652
5.442118 10.734443
5.036016 10.846438
5.315882 10.775145
5.746629 10.881985
5.716280 10.917226
5.338496 11.074880
5.429428 10.966005
5.352017 11.170683
6.453719 9.900686
5.529854 11.018043
6.142951 11.453686
5.856041 11.255147
5.174408 11.699339
6.196387 11.701251
5.335756 11.641022
5.114539 11.536063
5.183611 11.477285
5.649257 11.533965
5.846960 11.825741
5.845397 11.849038
4.931535 11.778907
5.207451 11.759504
5.920727 12.031445
6.209011 10.898030
5.334924 12.436081
6.106044 12.112334
5.247528 12.108377
5.097534 12.224695
5.748056 12.432648
6.233498 11.223139
5.727116 12.440704
5.314701 12.680952
6.059719 12.696020
6.024541 12.651197
5.964755 12.819196
5.965323 12.622590
6.190374 12.635131
5.663225 12.855474
5.621364 13.188493
6.405215 11.929027
5.867787 13.242265
6.132839 12.920978
6.148569 13.364423
5.985859 13.337770
5.522855 13.315444
6.203963 12.112298
6.425117 12.125102
6.765007 12.555064
5.799063 13.626716
5.666643 13.623340
6.387037 12.405356
5.345320 13.547483
5.551576 13.764542
5.940232 13.775153
6.433696 12.751464
6.820628 12.776239
5.924367 14.197142
5.763345 14.082698
6.802935 13.063500
5.933721 14.219591
6.740024 13.094982
6.568484 13.214353
5.865519 14.467700
6.171344 14.573003
6.035461 14.734271
6.051763 14.960440
6.361037 13.662115
6.117437 14.584857
5.289965 14.614203
6.264127 13.632518
6.738621 13.849062
5.771057 15.133075
5.761303 15.133143
6.128017 14.924255
5.981688 15.467866
6.385661 13.868592
6.263963 14.083259
6.814033 14.199421
6.408597 14.437186
5.935002 15.399259
6.890697 14.801442
7.131067 14.557965
5.536835 15.829020
6.290493 14.540459
6.429292 14.747774
5.726778 15.784210
6.399708 14.953237
6.181244 16.250759
7.111978 14.951273
6.754373 14.983467
6.694011 15.032253
6.515615 15.293495
6.969372 15.057876
6.356253 15.484932
6.167502 16.762635
6.154745 16.737039
6.311771 15.524465
6.498750 15.534334
6.443400 15.697642
6.135066 17.036589
6.433482 15.899774
6.790326 15.781124
6.642261 15.887688
7.324010 16.073125
6.611639 16.155891
7.000294 16.255450
6.837029 16.160580
6.942155 16.248278
7.101411 16.449355
6.529947 16.497869
6.626505 16.407413
6.168490 17.680671
6.904751 16.479591
7.447304 16.736199
6.793722 16.779273
6.457020 17.247790
6.820469 16.917348
6.902621 17.033655
7.000463 17.028380
7.303667 17.181970
6.923468 17.477355
7.061800 17.238563
6.690897 17.357611
7.158986 17.444877
7.787419 17.547916
6.775735 17.607485
6.493098 17.598576
7.017235 17.864609
6.511553 17.970183
7.380969 17.929102
7.061378 18.008917
6.313090 17.992960
7.099992 18.179179
6.678358 18.141746
6.939480 18.245546
6.516181 18.178873
6.432376 18.152572
6.797049 18.443185
7.102753 18.407867
8.071764 18.679326
7.061360 18.622151
6.415771 19.066849
6.161698 20.059700
6.049177 20.091021
7.114801 19.078122
7.368661 19.144207
6.834539 19.125529
6.804409 19.305177
7.082613 19.218489
7.375313 19.190689
6.312734 19.496498
7.145412 19.427005
6.717260 19.391019
7.063333 19.631086
7.485800 19.657971
6.746968 19.883501
7.249498 19.657740
6.989789 19.861422
7.346876 20.247521
7.114479 20.204943
6.269573 20.205639
7.933366 20.197169
6.954421 20.408138
6.702834 20.361887
7.423196 20.434591
7.547291 20.456373
6.795625 20.455279
6.952621 20.866869
6.801062 20.686539
7.176839 20.774130
7.126532 21.144345
6.519471 20.842598
6.515270 21.052191
7.021308 21.004606
7.095519 21.128393
7.198519 21.329541
6.363418 21.426047
7.147655 21.141351
6.727357 21.493725
7.181071 21.611765
7.480583 21.577414
6.767243 21.611974
7.149209 21.760060
7.538340 21.765526
7.308196 21.950265
7.231193 21.782119
7.097300 22.113955
7.222462 22.417635
7.273225 22.259176
7.058310 22.196618
6.746083 22.479520
7.256499 22.490926
6.833349 22.280437
7.169174 22.549820
7.427680 22.807576
7.443247 22.597610
7.592713 22.689994
7.445583 23.187655
7.200331 22.923008
7.038349 23.067524
7.669971 23.011390
7.889611 23.281668
7.550724 22.919815
7.443039 23.053383
7.783074 23.400304
7.878357 23.535429
8.132292 23.436398
7.301842 23.708961
7.408983 23.607214
7.280220 23.708278
7.023817 23.667044
6.863917 23.935142
7.630159 23.928834
8.321638 24.052362
7.764116 24.145127
7.913753 24.167385
7.551064 24.151677
7.147030 24.295568
7.606263 24.396540
7.688178 24.404844
7.099820 24.483707
7.736258 24.611062
8.244863 24.730572
7.679606 24.815985
7.903758 24.485453
7.418303 24.808560
7.641187 24.935784
8.102938 24.909424
7.868285 24.905656
7.781078 24.831677
7.871778 25.232301
7.930336 25.138339
8.430767 25.468474
8.431757 25.293101
7.546022 25.286701
7.680097 25.353791
7.648287 25.525872
7.540302 25.616243
7.485538 25.762853
7.508551 25.745436
8.257506 25.788452
7.516556 25.765323
7.460511 26.117153
8.268911 25.908022
7.938227 26.028634
7.835639 26.023372
7.625048 26.144173
7.728031 26.338083
9.031650 26.272750
8.044939 26.424153
8.235716 26.608703
8.167580 26.897639
8.252489 26.782122
8.083504 26.928631
8.924619 26.601809
8.160997 26.993072
7.817894 26.906997
8.482637 27.169816
8.442250 27.083182
8.598699 27.120951
7.993992 27.220399
7.930138 27.354763
8.197935 27.359553
8.198419 27.515005
8.443661 27.432077
7.894342 27.508149
8.639357 27.578672
7.858366 27.922592
7.988723 27.519818
7.997130 27.773836
7.687151 27.523623
8.073551 27.890079
7.846881 28.043203
8.043437 28.126149
8.445218 28.032743
8.004169 28.110312
8.139926 28.104127
8.545444 28.281692
8.505246 28.422289
8.094004 28.398500
8.118524 28.537621
8.085067 28.598806
8.120129 28.625681
8.940814 28.741474
7.842565 28.760500
8.230749 28.813315
7.865316 28.824435
8.414464 28.880873
8.742433 28.824337
8.734084 29.213297
8.301218 28.985014
7.320976 29.123738
7.582807 29.414947
8.628841 29.525592
8.746686 29.426287
8.354691 29.398692
8.010442 29.593309
7.856738 29.919546
8.818814 29.718110
8.440761 29.682959
7.945338 29.725504
8.460261 30.073060
7.938658 29.872529
8.347750 30.192917
8.657168 30.033879
8.045693 30.292714
8.283757 30.212543
8.310461 30.086504
8.400447 30.439383
7.958951 30.578815
8.811275 30.346313
8.197690 30.494425
7.839345 30.314397
7.982533 30.666010
8.587861 30.796253
8.298927 30.661346
8.417513 30.956228
8.650303 30.915659
8.724799 31.055206
8.996077 30.697268
8.970079 31.018337
8.749972 31.162410
7.784771 31.290125
8.853612 31.220318
8.155279 31.355894
8.446304 31.408143
8.833720 31.448495
9.053622 31.501133
8.583859 31.534219
8.912189 31.594350
8.358239 31.731420
8.843604 31.888126
9.318537 31.992160
8.853778 31.734682
9.074579 32.116311
8.829718 32.003308
8.432768 32.173278
8.771851 32.194768
8.135111 32.339547
8.512108 32.208939
8.601011 32.361265
8.755585 32.545233
8.220066 32.467111
8.942976 32.517225
8.697082 32.594127
8.697775 32.406896
8.857804 32.532517
8.519821 32.607202
8.691941 32.873338
8.383933 32.854901
8.817334 32.856036
8.442760 32.973604
8.325371 33.040851
9.177958 33.260486
8.180826 32.994694
8.363212 33.327835
8.322492 33.316410
9.255358 33.323301
8.527913 33.374539
8.876186 33.681356
8.775421 33.459595
7.591423 33.412537
8.744666 33.543813
8.810921 33.591855
9.256110 33.744609
8.835847 33.687690
8.774245 33.889472
8.844033 34.058437
8.529157 34.054214
9.484741 34.319343
8.881808 34.306869
9.147767 34.265688
8.198844 34.253203
9.463896 34.156459
9.391939 34.258360
8.914059 34.284669
9.007430 34.427563
9.198983 34.438956
9.552523 34.722812
8.516633 34.775916
9.301158 34.650203
8.160856 34.738312
8.865394 35.033870
8.604437 34.777276
9.271352 35.001564
8.723050 35.224860
9.097623 35.287173
9.640486 35.111396
10.022287 35.489200
9.124160 35.441868
9.921833 35.254111
9.290808 35.268943
9.314386 35.667247
9.493497 35.546801
9.686809 35.407021
8.394934 35.453211
9.452649 35.717601
8.992223 35.729499
10.155136 35.906922
9.512799 36.069705
9.783174 35.935285
8.607881 36.101574
8.840704 36.149583
8.898765 36.403184
9.775200 36.284953
9.625279 36.196337
8.729486 36.535071
8.950645 36.476736
9.528613 36.548321
8.780598 36.328920
8.996872 36.589665
9.198349 36.569672
9.037105 36.672424
10.050522 36.919904
9.475376 36.850863
9.632144 36.905959
9.774601 36.918248
9.511119 36.941387
8.910593 37.098541
9.052261 37.289279
9.330443 37.159944
10.333151 37.280940
9.446438 37.377297
10.230105 37.383923
10.159757 37.620474
9.782301 37.555026
9.524179 37.572430
9.337305 37.687827
9.713323 37.582505
9.472408 37.712833
9.386825 37.914735
9.598192 38.074971
9.566299 38.031466
9.915245 38.190108
9.781169 37.993363
9.290319 38.320926
9.410157 38.288173
9.984788 38.409310
9.475538 38.342954
9.535558 38.583471
9.545888 38.745357
9.319927 38.575746
9.742381 38.679643
9.492417 38.659119
9.859166 38.934599
9.533746 39.220370
9.803935 38.950007
9.264473 39.064456
10.243509 39.348802
8.983866 39.434492
9.592230 39.213739
9.229635 39.253287
9.682700 39.403291
10.211685 39.593269
9.432450 39.526110
10.063947 39.730953
10.041076 39.670633
10.252682 39.669932
9.948371 39.766492
9.321137 40.027304
10.238208 39.895465
9.865683 40.250410
10.240769 39.838081
9.808922 40.228026
9.699661 40.152292
9.599178 40.182682
9.912843 40.402463
9.607583 40.446491
9.545119 40.557486
9.699597 40.602116
10.121361 40.702186
9.930818 40.853637
10.485647 40.788922
9.656524 40.798748
9.653122 40.827497
10.288491 41.161459
9.844139 41.188441
10.286063 41.109281
9.808511 41.217635
9.854894 41.276821
9.684510 41.370048
10.184117 41.479186
9.811089 41.448415
10.056904 41.635316
9.444977 41.818814
9.985328 41.826510
